
2015 Attendance	Home	Road	Overall
RK	TEAM	GMS	TOTAL	AVG	PCT	GMS	AVG	PCT	GMS	AVG	PCT
1	Bulls	41	875,091	21,343	102.0	41	18,404	95.7	82	19,874	99.0
2	Cavaliers	41	843,042	20,562	100.0	41	18,915	98.3	82	19,738	99.2
3	Mavericks	41	827,702	20,187	105.1	41	17,653	92.7	82	18,920	98.9
4	NY Knicks	41	812,292	19,812	100.0	41	17,462	90.7	82	18,637	95.4
5	Raptors	41	809,824	19,751	99.8	41	17,522	90.9	82	18,637	95.4
6	Heat	41	808,223	19,712	100.6	41	17,703	92.0	82	18,708	96.3
7	Warriors	41	803,436	19,596	100.0	41	18,312	96.2	82	18,954	98.1
8	Trail Blazers	41	801,733	19,554	94.0	41	17,657	92.9	82	18,605	93.5
9	Clippers	41	785,892	19,168	100.6	41	18,079	94.7	82	18,623	97.6
10	Jazz	41	772,059	18,830	94.6	41	17,135	90.0	82	17,982	92.4
11	Lakers	41	768,244	18,737	98.3	41	17,875	93.6	82	18,306	95.9
12	Spurs	41	762,855	18,606	100.1	41	17,972	94.1	82	18,289	97.1
13	Wizards	41	747,796	18,238	89.9	41	18,253	95.0	82	18,246	92.4
14	Rockets	41	747,412	18,229	101.0	41	17,969	94.0	82	18,099	97.4
15	Thunder	41	746,323	18,203	100.0	41	17,956	93.9	82	18,079	96.9
16	Celtics	41	721,350	17,593	94.5	41	17,741	91.9	82	17,667	93.2
17	Hawks	41	713,909	17,412	93.0	41	17,582	90.8	82	17,497	91.9
18	Grizzlies	41	710,502	17,329	95.6	41	18,017	94.4	82	17,673	95.0
19	Hornets	41	704,886	17,192	90.1	41	17,654	91.1	82	17,423	90.6
20	Nets	41	698,529	17,037	94.1	41	18,039	92.9	82	17,538	93.5
21	Suns	41	693,862	16,923	91.9	41	17,586	92.1	82	17,254	92.0
22	Pacers	41	691,434	16,864	92.8	41	17,892	92.4	82	17,378	92.6
23	Magic	41	688,194	16,785	89.1	41	17,585	91.2	82	17,185	90.1
24	Pelicans	41	683,757	16,677	97.0	41	17,640	92.1	82	17,158	94.5
25	Kings	41	680,049	16,586	95.8	41	17,515	91.7	82	17,050	93.6
26	Pistons	41	625,917	15,266	69.2	41	17,866	93.0	82	16,566	80.3
27	Bucks	41	611,226	14,907	79.6	41	17,180	88.8	82	16,044	84.3
28	Nuggets	41	602,707	14,700	76.7	41	17,437	91.5	82	16,068	84.1
29	Timberwolves	41	595,652	14,528	75.1	41	18,000	94.2	82	16,264	84.6
30	76ers	41	571,572	13,940	68.6	41	17,665	91.8	82	15,802	79.9

